985.15 52.26
993.47 73.83
713.65 85.31
726.31 85.46
713.24 107.98
1130.3 166.34
1649.36 276.94
752.32 507.36
1641.25 518.28
642.11 558.15
1819.3 619.68
1010.02 1019.41
30.33 1107.22
478.08 1361.78
584.72 1385.94
676.56 1460.25
1652.41 1564.2
921.46 1638.3
916.25 1659.0
1103.56 1746.11
1071.35 1812.75
1078.97 1820.41
1763.28 2009.88
483.04 2179.78
999.55 2245.5
66.14 2243.25
1958.86 2232.0
651.14 2207.25
979.77 2176.875
969.55 2173.5
1354.09 2172.375
1362.95 2157.75
985.91 2153.25
991.36 2128.5
572.05 2126.25
985.23 2119.5
1947.27 2118.375
625.91 2117.25
996.14 2111.625
1002.27 2088.0
1207.5 2076.75
1175.45 2073.375
68.18 2070.0
1013.18 2052.0
1018.64 2032.875
1220.45 2022.75
949.77 2019.375
1015.23 2017.125
1024.09 2013.75
105.0 1999.125
1031.59 1989.0
2151.14 1976.625
1074.55 1974.375
1081.36 1967.625
1039.09 1962.0
1116.14 1948.5
1071.14 1947.375
1080.0 1938.375
2108.86 1935.0
1969.77 1932.75
1955.45 1904.625
19.09 1903.5
383.86 1902.375
1170.68 1892.25
2033.86 1885.5
1572.95 1881.0
711.14 1857.375
1491.82 1847.25
1433.18 1831.5
1414.77 1825.875
1705.23 1814.625
2153.18 1803.375
421.36 1797.75
2053.64 1791.0
1090.91 1783.125
132.95 1766.25
35.45 1747.125
1155.0 1747.125
470.45 1744.875
1234.77 1710.0
1082.05 1692.0
1596.82 1683.0
1127.73 1672.875
957.95 1647.0
928.64 1643.625
1602.95 1629.0
1384.09 1618.875
1566.82 1618.875
941.59 1590.75
996.82 1585.125
130.23 1563.75
525.0 1492.875
1709.32 1416.375
1500.0 1379.25
1630.91 1353.375
703.64 1301.625
1566.82 1299.375
1200.68 1290.375
805.23 1249.875
742.5 1248.75
511.36 1245.375
214.09 1242.0
2171.59 1225.125
1801.36 1198.125
1445.45 1190.25
242.05 1152.0
212.73 1146.375
180.68 1140.75
149.32 1135.125
124.09 1130.625
1742.73 1130.625
983.86 1116.0
1555.23 1101.375
855.0 1086.75
829.09 1084.5
6.14 1078.875
1161.14 1077.75
1229.32 1077.75
1165.23 1062.0
39.55 1050.75
2143.64 1050.75
1561.36 1048.5
1037.73 1038.375
939.55 1028.25
992.73 1022.625
1305.0 1022.625
897.27 1015.875
1278.41 1014.75
903.41 996.75
55.23 985.5
2108.86 985.5
767.73 976.5
471.14 964.125
872.05 942.75
572.73 901.125
495.68 884.25
1861.36 830.25
286.36 798.75
863.18 770.625
1778.86 769.5
1600.91 741.375
825.68 724.5
903.41 722.25
970.91 696.375
348.41 691.875
173.86 688.5
1622.73 681.75
789.55 679.5
870.68 673.875
1731.82 670.5
854.32 659.25
805.23 641.25
960.0 639.0
704.32 636.75
904.09 632.25
931.36 617.625
999.55 595.125
1810.23 589.5
496.36 571.5
1239.55 544.5
627.27 532.125
906.82 518.625
1624.09 513.0
762.95 511.875
402.27 505.125
285.0 495.0
365.45 492.75
1701.82 492.75
603.41 468.0
919.09 455.625
885.68 446.625
495.68 436.5
1644.55 432.0
1853.86 426.375
803.86 424.125
429.55 417.375
972.27 414.0
920.45 401.625
876.14 398.25
169.77 397.125
1035.0 390.375
1067.05 383.625
1701.14 374.625
1472.73 372.375
968.86 361.125
859.09 357.75
1048.64 343.125
695.45 342.0
865.91 331.875
911.59 321.75
996.14 310.5
779.32 300.375
1009.77 272.25
904.77 245.25
808.64 240.75
767.05 239.625
635.45 234.0
730.23 186.75
632.05 185.625
1134.55 177.75
1125.68 171.0
854.32 155.25
1589.32 155.25
863.18 154.125
1183.64 146.25
861.82 138.375
1139.32 131.625
865.23 121.5
